    0    0    0    0    9.1800000000000007E-03    9.0393180484532287E-01
    0    0    2   -2    9.1800000000000007E-03    0.0000000000000000E+00
    0    0    2   -1    9.1800000000000007E-03    0.0000000000000000E+00
    0    0    2    0    9.1800000000000007E-03    4.1781686125794040E-02
    0    0    2    1    9.1800000000000007E-03    0.0000000000000000E+00
    0    0    2    2    9.1800000000000007E-03    0.0000000000000000E+00
    0    0    4   -2    9.1800000000000007E-03    0.0000000000000000E+00
    0    0    4   -1    9.1800000000000007E-03    0.0000000000000000E+00
    0    0    4    0    9.1800000000000007E-03    1.2126721233057129E-04
    0    0    4    1    9.1800000000000007E-03    0.0000000000000000E+00
    0    0    4    2    9.1800000000000007E-03    0.0000000000000000E+00
    2   -2    0    0    9.1800000000000007E-03    0.0000000000000000E+00
    2   -2    2   -2    9.1800000000000007E-03    0.0000000000000000E+00
    2   -2    2   -1    9.1800000000000007E-03    0.0000000000000000E+00
    2   -2    2    0    9.1800000000000007E-03    0.0000000000000000E+00
    2   -2    2    1    9.1800000000000007E-03    0.0000000000000000E+00
    2   -2    2    2    9.1800000000000007E-03    2.8154528882353281E-04
    2   -2    4   -2    9.1800000000000007E-03    0.0000000000000000E+00
    2   -2    4   -1    9.1800000000000007E-03    0.0000000000000000E+00
    2   -2    4    0    9.1800000000000007E-03    0.0000000000000000E+00
    2   -2    4    1    9.1800000000000007E-03    0.0000000000000000E+00
    2   -2    4    2    9.1800000000000007E-03    1.1591453164089504E-06
    2   -1    0    0    9.1800000000000007E-03    0.0000000000000000E+00
    2   -1    2   -2    9.1800000000000007E-03    0.0000000000000000E+00
    2   -1    2   -1    9.1800000000000007E-03    0.0000000000000000E+00
    2   -1    2    0    9.1800000000000007E-03    0.0000000000000000E+00
    2   -1    2    1    9.1800000000000007E-03    2.9875817853680588E-03
    2   -1    2    2    9.1800000000000007E-03    0.0000000000000000E+00
    2   -1    4   -2    9.1800000000000007E-03    0.0000000000000000E+00
    2   -1    4   -1    9.1800000000000007E-03    0.0000000000000000E+00
    2   -1    4    0    9.1800000000000007E-03    0.0000000000000000E+00
    2   -1    4    1    9.1800000000000007E-03    9.6190003026419165E-06
    2   -1    4    2    9.1800000000000007E-03    0.0000000000000000E+00
    2    0    0    0    9.1800000000000007E-03    4.1781686125794824E-02
    2    0    2   -2    9.1800000000000007E-03    0.0000000000000000E+00
    2    0    2   -1    9.1800000000000007E-03    0.0000000000000000E+00
    2    0    2    0    9.1800000000000007E-03    5.6612714207864637E-03
    2    0    2    1    9.1800000000000007E-03    0.0000000000000000E+00
    2    0    2    2    9.1800000000000007E-03    0.0000000000000000E+00
    2    0    4   -2    9.1800000000000007E-03    0.0000000000000000E+00
    2    0    4   -1    9.1800000000000007E-03    0.0000000000000000E+00
    2    0    4    0    9.1800000000000007E-03    1.2657340860327154E-05
    2    0    4    1    9.1800000000000007E-03    0.0000000000000000E+00
    2    0    4    2    9.1800000000000007E-03    0.0000000000000000E+00
    2    1    0    0    9.1800000000000007E-03    0.0000000000000000E+00
    2    1    2   -2    9.1800000000000007E-03    0.0000000000000000E+00
    2    1    2   -1    9.1800000000000007E-03    2.9875817853680323E-03
    2    1    2    0    9.1800000000000007E-03    0.0000000000000000E+00
    2    1    2    1    9.1800000000000007E-03    0.0000000000000000E+00
    2    1    2    2    9.1800000000000007E-03    0.0000000000000000E+00
    2    1    4   -2    9.1800000000000007E-03    0.0000000000000000E+00
    2    1    4   -1    9.1800000000000007E-03    9.6190003026419114E-06
    2    1    4    0    9.1800000000000007E-03    0.0000000000000000E+00
    2    1    4    1    9.1800000000000007E-03    0.0000000000000000E+00
    2    1    4    2    9.1800000000000007E-03    0.0000000000000000E+00
    2    2    0    0    9.1800000000000007E-03    0.0000000000000000E+00
    2    2    2   -2    9.1800000000000007E-03    2.8154528882352674E-04
    2    2    2   -1    9.1800000000000007E-03    0.0000000000000000E+00
    2    2    2    0    9.1800000000000007E-03    0.0000000000000000E+00
    2    2    2    1    9.1800000000000007E-03    0.0000000000000000E+00
    2    2    2    2    9.1800000000000007E-03    0.0000000000000000E+00
    2    2    4   -2    9.1800000000000007E-03    1.1591453164089364E-06
    2    2    4   -1    9.1800000000000007E-03    0.0000000000000000E+00
    2    2    4    0    9.1800000000000007E-03    0.0000000000000000E+00
    2    2    4    1    9.1800000000000007E-03    0.0000000000000000E+00
    2    2    4    2    9.1800000000000007E-03    0.0000000000000000E+00
    4   -2    0    0    9.1800000000000007E-03    0.0000000000000000E+00
    4   -2    2   -2    9.1800000000000007E-03    0.0000000000000000E+00
    4   -2    2   -1    9.1800000000000007E-03    0.0000000000000000E+00
    4   -2    2    0    9.1800000000000007E-03    0.0000000000000000E+00
    4   -2    2    1    9.1800000000000007E-03    0.0000000000000000E+00
    4   -2    2    2    9.1800000000000007E-03    1.1591453164089588E-06
    4   -1    0    0    9.1800000000000007E-03    0.0000000000000000E+00
    4   -1    2   -2    9.1800000000000007E-03    0.0000000000000000E+00
    4   -1    2   -1    9.1800000000000007E-03    0.0000000000000000E+00
    4   -1    2    0    9.1800000000000007E-03    0.0000000000000000E+00
    4   -1    2    1    9.1800000000000007E-03    9.6190003026419775E-06
    4   -1    2    2    9.1800000000000007E-03    0.0000000000000000E+00
    4    0    0    0    9.1800000000000007E-03    1.2126721233057420E-04
    4    0    2   -2    9.1800000000000007E-03    0.0000000000000000E+00
    4    0    2   -1    9.1800000000000007E-03    0.0000000000000000E+00
    4    0    2    0    9.1800000000000007E-03    1.2657340860327244E-05
    4    0    2    1    9.1800000000000007E-03    0.0000000000000000E+00
    4    0    2    2    9.1800000000000007E-03    0.0000000000000000E+00
    4    1    0    0    9.1800000000000007E-03    0.0000000000000000E+00
    4    1    2   -2    9.1800000000000007E-03    0.0000000000000000E+00
    4    1    2   -1    9.1800000000000007E-03    9.6190003026418860E-06
    4    1    2    0    9.1800000000000007E-03    0.0000000000000000E+00
    4    1    2    1    9.1800000000000007E-03    0.0000000000000000E+00
    4    1    2    2    9.1800000000000007E-03    0.0000000000000000E+00
    4    2    0    0    9.1800000000000007E-03    0.0000000000000000E+00
    4    2    2   -2    9.1800000000000007E-03    1.1591453164089514E-06
    4    2    2   -1    9.1800000000000007E-03    0.0000000000000000E+00
    4    2    2    0    9.1800000000000007E-03    0.0000000000000000E+00
    4    2    2    1    9.1800000000000007E-03    0.0000000000000000E+00
    4    2    2    2    9.1800000000000007E-03    0.0000000000000000E+00
    0    0    0    0    9.1800000000000007E-03    1.0041762560735956E+00
    0    0    2   -2    9.1800000000000007E-03    0.0000000000000000E+00
    0    0    2   -1    9.1800000000000007E-03    0.0000000000000000E+00
    0    0    2    0    9.1800000000000007E-03    5.3511250659422564E-22
    0    0    2    1    9.1800000000000007E-03    0.0000000000000000E+00
    0    0    2    2    9.1800000000000007E-03    0.0000000000000000E+00
    2   -2    0    0    9.1800000000000007E-03    0.0000000000000000E+00
    2   -2    2   -2    9.1800000000000007E-03    0.0000000000000000E+00
    2   -2    2   -1    9.1800000000000007E-03    0.0000000000000000E+00
    2   -2    2    0    9.1800000000000007E-03    0.0000000000000000E+00
    2   -2    2    1    9.1800000000000007E-03    0.0000000000000000E+00
    2   -2    2    2    9.1800000000000007E-03    1.7103698693773305E-27
    2   -1    0    0    9.1800000000000007E-03    0.0000000000000000E+00
    2   -1    2   -2    9.1800000000000007E-03    0.0000000000000000E+00
    2   -1    2   -1    9.1800000000000007E-03    0.0000000000000000E+00
    2   -1    2    0    9.1800000000000007E-03    0.0000000000000000E+00
    2   -1    2    1    9.1800000000000007E-03    1.5578278859509731E-28
    2   -1    2    2    9.1800000000000007E-03    0.0000000000000000E+00
    2    0    0    0    9.1800000000000007E-03    5.3467371424185763E-22
    2    0    2   -2    9.1800000000000007E-03    0.0000000000000000E+00
    2    0    2   -1    9.1800000000000007E-03    0.0000000000000000E+00
    2    0    2    0    9.1800000000000007E-03    1.2994397786010393E-27
    2    0    2    1    9.1800000000000007E-03    0.0000000000000000E+00
    2    0    2    2    9.1800000000000007E-03    0.0000000000000000E+00
    2    1    0    0    9.1800000000000007E-03    0.0000000000000000E+00
    2    1    2   -2    9.1800000000000007E-03    0.0000000000000000E+00
    2    1    2   -1    9.1800000000000007E-03    1.5578278861137845E-28
    2    1    2    0    9.1800000000000007E-03    0.0000000000000000E+00
    2    1    2    1    9.1800000000000007E-03    0.0000000000000000E+00
    2    1    2    2    9.1800000000000007E-03    0.0000000000000000E+00
    2    2    0    0    9.1800000000000007E-03    0.0000000000000000E+00
    2    2    2   -2    9.1800000000000007E-03    1.7103698693726279E-27
    2    2    2   -1    9.1800000000000007E-03    0.0000000000000000E+00
    2    2    2    0    9.1800000000000007E-03    0.0000000000000000E+00
    2    2    2    1    9.1800000000000007E-03    0.0000000000000000E+00
    2    2    2    2    9.1800000000000007E-03    0.0000000000000000E+00
    0    0    0    0    9.1800000000000007E-03    9.0766697659410533E-01
    0    0    2   -2    9.1800000000000007E-03    0.0000000000000000E+00
    0    0    2   -1    9.1800000000000007E-03    0.0000000000000000E+00
    0    0    2    0    9.1800000000000007E-03    4.0192085102213518E-02
    0    0    2    1    9.1800000000000007E-03    0.0000000000000000E+00
    0    0    2    2    9.1800000000000007E-03    0.0000000000000000E+00
    2   -2    0    0    9.1800000000000007E-03    0.0000000000000000E+00
    2   -2    2   -2    9.1800000000000007E-03    0.0000000000000000E+00
    2   -2    2   -1    9.1800000000000007E-03    0.0000000000000000E+00
    2   -2    2    0    9.1800000000000007E-03    0.0000000000000000E+00
    2   -2    2    1    9.1800000000000007E-03    0.0000000000000000E+00
    2   -2    2    2    9.1800000000000007E-03    2.7676874178381595E-04
    2   -1    0    0    9.1800000000000007E-03    0.0000000000000000E+00
    2   -1    2   -2    9.1800000000000007E-03    0.0000000000000000E+00
    2   -1    2   -1    9.1800000000000007E-03    0.0000000000000000E+00
    2   -1    2    0    9.1800000000000007E-03    0.0000000000000000E+00
    2   -1    2    1    9.1800000000000007E-03    2.8851459829087548E-03
    2   -1    2    2    9.1800000000000007E-03    0.0000000000000000E+00
    2    0    0    0    9.1800000000000007E-03    4.0192085102212914E-02
    2    0    2   -2    9.1800000000000007E-03    0.0000000000000000E+00
    2    0    2   -1    9.1800000000000007E-03    0.0000000000000000E+00
    2    0    2    0    9.1800000000000007E-03    5.6326043793391107E-03
    2    0    2    1    9.1800000000000007E-03    0.0000000000000000E+00
    2    0    2    2    9.1800000000000007E-03    0.0000000000000000E+00
    2    1    0    0    9.1800000000000007E-03    0.0000000000000000E+00
    2    1    2   -2    9.1800000000000007E-03    0.0000000000000000E+00
    2    1    2   -1    9.1800000000000007E-03    2.8851459829087709E-03
    2    1    2    0    9.1800000000000007E-03    0.0000000000000000E+00
    2    1    2    1    9.1800000000000007E-03    0.0000000000000000E+00
    2    1    2    2    9.1800000000000007E-03    0.0000000000000000E+00
    2    2    0    0    9.1800000000000007E-03    0.0000000000000000E+00
    2    2    2   -2    9.1800000000000007E-03    2.7676874178382159E-04
    2    2    2   -1    9.1800000000000007E-03    0.0000000000000000E+00
    2    2    2    0    9.1800000000000007E-03    0.0000000000000000E+00
    2    2    2    1    9.1800000000000007E-03    0.0000000000000000E+00
    2    2    2    2    9.1800000000000007E-03    0.0000000000000000E+00
    0    0    0    0    9.1800000000000007E-03    9.0620352495298728E-01
    0    0    2   -2    9.1800000000000007E-03    0.0000000000000000E+00
    0    0    2   -1    9.1800000000000007E-03    0.0000000000000000E+00
    0    0    2    0    9.1800000000000007E-03    4.0719552013234600E-02
    0    0    2    1    9.1800000000000007E-03    0.0000000000000000E+00
    0    0    2    2    9.1800000000000007E-03    0.0000000000000000E+00
    0    0    4   -2    9.1800000000000007E-03    0.0000000000000000E+00
    0    0    4   -1    9.1800000000000007E-03    0.0000000000000000E+00
    0    0    4    0    9.1800000000000007E-03    1.1770160175544272E-04
    0    0    4    1    9.1800000000000007E-03    0.0000000000000000E+00
    0    0    4    2    9.1800000000000007E-03    0.0000000000000000E+00
    2   -2    0    0    9.1800000000000007E-03    0.0000000000000000E+00
    2   -2    2   -2    9.1800000000000007E-03    0.0000000000000000E+00
    2   -2    2   -1    9.1800000000000007E-03    0.0000000000000000E+00
    2   -2    2    0    9.1800000000000007E-03    0.0000000000000000E+00
    2   -2    2    1    9.1800000000000007E-03    0.0000000000000000E+00
    2   -2    2    2    9.1800000000000007E-03    2.7696423785795549E-04
    2   -2    4   -2    9.1800000000000007E-03    0.0000000000000000E+00
    2   -2    4   -1    9.1800000000000007E-03    0.0000000000000000E+00
    2   -2    4    0    9.1800000000000007E-03    0.0000000000000000E+00
    2   -2    4    1    9.1800000000000007E-03    0.0000000000000000E+00
    2   -2    4    2    9.1800000000000007E-03    1.1348350891538174E-06
    2   -1    0    0    9.1800000000000007E-03    0.0000000000000000E+00
    2   -1    2   -2    9.1800000000000007E-03    0.0000000000000000E+00
    2   -1    2   -1    9.1800000000000007E-03    0.0000000000000000E+00
    2   -1    2    0    9.1800000000000007E-03    0.0000000000000000E+00
    2   -1    2    1    9.1800000000000007E-03    2.9570097738806601E-03
    2   -1    2    2    9.1800000000000007E-03    0.0000000000000000E+00
    2   -1    4   -2    9.1800000000000007E-03    0.0000000000000000E+00
    2   -1    4   -1    9.1800000000000007E-03    0.0000000000000000E+00
    2   -1    4    0    9.1800000000000007E-03    0.0000000000000000E+00
    2   -1    4    1    9.1800000000000007E-03    9.4451590197512923E-06
    2   -1    4    2    9.1800000000000007E-03    0.0000000000000000E+00
    2    0    0    0    9.1800000000000007E-03    4.0719552013234232E-02
    2    0    2   -2    9.1800000000000007E-03    0.0000000000000000E+00
    2    0    2   -1    9.1800000000000007E-03    0.0000000000000000E+00
    2    0    2    0    9.1800000000000007E-03    5.5942966099451945E-03
    2    0    2    1    9.1800000000000007E-03    0.0000000000000000E+00
    2    0    2    2    9.1800000000000007E-03    0.0000000000000000E+00
    2    0    4   -2    9.1800000000000007E-03    0.0000000000000000E+00
    2    0    4   -1    9.1800000000000007E-03    0.0000000000000000E+00
    2    0    4    0    9.1800000000000007E-03    1.2488856585512712E-05
    2    0    4    1    9.1800000000000007E-03    0.0000000000000000E+00
    2    0    4    2    9.1800000000000007E-03    0.0000000000000000E+00
    2    1    0    0    9.1800000000000007E-03    0.0000000000000000E+00
    2    1    2   -2    9.1800000000000007E-03    0.0000000000000000E+00
    2    1    2   -1    9.1800000000000007E-03    2.9570097738806523E-03
    2    1    2    0    9.1800000000000007E-03    0.0000000000000000E+00
    2    1    2    1    9.1800000000000007E-03    0.0000000000000000E+00
    2    1    2    2    9.1800000000000007E-03    0.0000000000000000E+00
    2    1    4   -2    9.1800000000000007E-03    0.0000000000000000E+00
    2    1    4   -1    9.1800000000000007E-03    9.4451590197511500E-06
    2    1    4    0    9.1800000000000007E-03    0.0000000000000000E+00
    2    1    4    1    9.1800000000000007E-03    0.0000000000000000E+00
    2    1    4    2    9.1800000000000007E-03    0.0000000000000000E+00
    2    2    0    0    9.1800000000000007E-03    0.0000000000000000E+00
    2    2    2   -2    9.1800000000000007E-03    2.7696423785795619E-04
    2    2    2   -1    9.1800000000000007E-03    0.0000000000000000E+00
    2    2    2    0    9.1800000000000007E-03    0.0000000000000000E+00
    2    2    2    1    9.1800000000000007E-03    0.0000000000000000E+00
    2    2    2    2    9.1800000000000007E-03    0.0000000000000000E+00
    2    2    4   -2    9.1800000000000007E-03    1.1348350891538115E-06
    2    2    4   -1    9.1800000000000007E-03    0.0000000000000000E+00
    2    2    4    0    9.1800000000000007E-03    0.0000000000000000E+00
    2    2    4    1    9.1800000000000007E-03    0.0000000000000000E+00
    2    2    4    2    9.1800000000000007E-03    0.0000000000000000E+00
    4   -2    0    0    9.1800000000000007E-03    0.0000000000000000E+00
    4   -2    2   -2    9.1800000000000007E-03    0.0000000000000000E+00
    4   -2    2   -1    9.1800000000000007E-03    0.0000000000000000E+00
    4   -2    2    0    9.1800000000000007E-03    0.0000000000000000E+00
    4   -2    2    1    9.1800000000000007E-03    0.0000000000000000E+00
    4   -2    2    2    9.1800000000000007E-03    1.1348350891538030E-06
    4   -1    0    0    9.1800000000000007E-03    0.0000000000000000E+00
    4   -1    2   -2    9.1800000000000007E-03    0.0000000000000000E+00
    4   -1    2   -1    9.1800000000000007E-03    0.0000000000000000E+00
    4   -1    2    0    9.1800000000000007E-03    0.0000000000000000E+00
    4   -1    2    1    9.1800000000000007E-03    9.4451590197512110E-06
    4   -1    2    2    9.1800000000000007E-03    0.0000000000000000E+00
    4    0    0    0    9.1800000000000007E-03    1.1770160175543768E-04
    4    0    2   -2    9.1800000000000007E-03    0.0000000000000000E+00
    4    0    2   -1    9.1800000000000007E-03    0.0000000000000000E+00
    4    0    2    0    9.1800000000000007E-03    1.2488856585512939E-05
    4    0    2    1    9.1800000000000007E-03    0.0000000000000000E+00
    4    0    2    2    9.1800000000000007E-03    0.0000000000000000E+00
    4    1    0    0    9.1800000000000007E-03    0.0000000000000000E+00
    4    1    2   -2    9.1800000000000007E-03    0.0000000000000000E+00
    4    1    2   -1    9.1800000000000007E-03    9.4451590197511551E-06
    4    1    2    0    9.1800000000000007E-03    0.0000000000000000E+00
    4    1    2    1    9.1800000000000007E-03    0.0000000000000000E+00
    4    1    2    2    9.1800000000000007E-03    0.0000000000000000E+00
    4    2    0    0    9.1800000000000007E-03    0.0000000000000000E+00
    4    2    2   -2    9.1800000000000007E-03    1.1348350891537986E-06
    4    2    2   -1    9.1800000000000007E-03    0.0000000000000000E+00
    4    2    2    0    9.1800000000000007E-03    0.0000000000000000E+00
    4    2    2    1    9.1800000000000007E-03    0.0000000000000000E+00
    4    2    2    2    9.1800000000000007E-03    0.0000000000000000E+00
    0    0    0    0    0.0000000000000000E+00    0.0000000000000000E+00
    0    0    0    0    1.4700000000000000E-02    9.3548463283976357E-01
    0    0    2   -2    1.4700000000000000E-02    0.0000000000000000E+00
    0    0    2   -1    1.4700000000000000E-02    0.0000000000000000E+00
    0    0    2    0    1.4700000000000000E-02    1.1668321857293131E-02
    0    0    2    1    1.4700000000000000E-02    0.0000000000000000E+00
    0    0    2    2    1.4700000000000000E-02    0.0000000000000000E+00
    0    0    4   -2    1.4700000000000000E-02    0.0000000000000000E+00
    0    0    4   -1    1.4700000000000000E-02    0.0000000000000000E+00
    0    0    4    0    1.4700000000000000E-02    2.4649013331602768E-04
    0    0    4    1    1.4700000000000000E-02    0.0000000000000000E+00
    0    0    4    2    1.4700000000000000E-02    0.0000000000000000E+00
    2   -2    0    0    1.4700000000000000E-02    0.0000000000000000E+00
    2   -2    2   -2    1.4700000000000000E-02    0.0000000000000000E+00
    2   -2    2   -1    1.4700000000000000E-02    0.0000000000000000E+00
    2   -2    2    0    1.4700000000000000E-02    0.0000000000000000E+00
    2   -2    2    1    1.4700000000000000E-02    0.0000000000000000E+00
    2   -2    2    2    1.4700000000000000E-02    2.8640523444100984E-04
    2   -2    4   -2    1.4700000000000000E-02    0.0000000000000000E+00
    2   -2    4   -1    1.4700000000000000E-02    0.0000000000000000E+00
    2   -2    4    0    1.4700000000000000E-02    0.0000000000000000E+00
    2   -2    4    1    1.4700000000000000E-02    0.0000000000000000E+00
    2   -2    4    2    1.4700000000000000E-02    2.7086750513882564E-06
    2   -1    0    0    1.4700000000000000E-02    0.0000000000000000E+00
    2   -1    2   -2    1.4700000000000000E-02    0.0000000000000000E+00
    2   -1    2   -1    1.4700000000000000E-02    0.0000000000000000E+00
    2   -1    2    0    1.4700000000000000E-02    0.0000000000000000E+00
    2   -1    2    1    1.4700000000000000E-02    2.9021776546973494E-03
    2   -1    2    2    1.4700000000000000E-02    0.0000000000000000E+00
    2   -1    4   -2    1.4700000000000000E-02    0.0000000000000000E+00
    2   -1    4   -1    1.4700000000000000E-02    0.0000000000000000E+00
    2   -1    4    0    1.4700000000000000E-02    0.0000000000000000E+00
    2   -1    4    1    1.4700000000000000E-02    3.4365202924316348E-05
    2   -1    4    2    1.4700000000000000E-02    0.0000000000000000E+00
    2    0    0    0    1.4700000000000000E-02    1.1668321857293707E-02
    2    0    2   -2    1.4700000000000000E-02    0.0000000000000000E+00
    2    0    2   -1    1.4700000000000000E-02    0.0000000000000000E+00
    2    0    2    0    1.4700000000000000E-02    3.3472517657876552E-02
    2    0    2    1    1.4700000000000000E-02    0.0000000000000000E+00
    2    0    2    2    1.4700000000000000E-02    0.0000000000000000E+00
    2    0    4   -2    1.4700000000000000E-02    0.0000000000000000E+00
    2    0    4   -1    1.4700000000000000E-02    0.0000000000000000E+00
    2    0    4    0    1.4700000000000000E-02    3.4253802379056796E-04
    2    0    4    1    1.4700000000000000E-02    0.0000000000000000E+00
    2    0    4    2    1.4700000000000000E-02    0.0000000000000000E+00
    2    1    0    0    1.4700000000000000E-02    0.0000000000000000E+00
    2    1    2   -2    1.4700000000000000E-02    0.0000000000000000E+00
    2    1    2   -1    1.4700000000000000E-02    2.9021776546973091E-03
    2    1    2    0    1.4700000000000000E-02    0.0000000000000000E+00
    2    1    2    1    1.4700000000000000E-02    0.0000000000000000E+00
    2    1    2    2    1.4700000000000000E-02    0.0000000000000000E+00
    2    1    4   -2    1.4700000000000000E-02    0.0000000000000000E+00
    2    1    4   -1    1.4700000000000000E-02    3.4365202924315393E-05
    2    1    4    0    1.4700000000000000E-02    0.0000000000000000E+00
    2    1    4    1    1.4700000000000000E-02    0.0000000000000000E+00
    2    1    4    2    1.4700000000000000E-02    0.0000000000000000E+00
    2    2    0    0    1.4700000000000000E-02    0.0000000000000000E+00
    2    2    2   -2    1.4700000000000000E-02    2.8640523444100621E-04
    2    2    2   -1    1.4700000000000000E-02    0.0000000000000000E+00
    2    2    2    0    1.4700000000000000E-02    0.0000000000000000E+00
    2    2    2    1    1.4700000000000000E-02    0.0000000000000000E+00
    2    2    2    2    1.4700000000000000E-02    0.0000000000000000E+00
    2    2    4   -2    1.4700000000000000E-02    2.7086750513882145E-06
    2    2    4   -1    1.4700000000000000E-02    0.0000000000000000E+00
    2    2    4    0    1.4700000000000000E-02    0.0000000000000000E+00
    2    2    4    1    1.4700000000000000E-02    0.0000000000000000E+00
    2    2    4    2    1.4700000000000000E-02    0.0000000000000000E+00
    4   -2    0    0    1.4700000000000000E-02    0.0000000000000000E+00
    4   -2    2   -2    1.4700000000000000E-02    0.0000000000000000E+00
    4   -2    2   -1    1.4700000000000000E-02    0.0000000000000000E+00
    4   -2    2    0    1.4700000000000000E-02    0.0000000000000000E+00
    4   -2    2    1    1.4700000000000000E-02    0.0000000000000000E+00
    4   -2    2    2    1.4700000000000000E-02    2.7086750513882378E-06
    4   -2    4   -2    1.4700000000000000E-02    0.0000000000000000E+00
    4   -2    4   -1    1.4700000000000000E-02    0.0000000000000000E+00
    4   -2    4    0    1.4700000000000000E-02    0.0000000000000000E+00
    4   -2    4    1    1.4700000000000000E-02    0.0000000000000000E+00
    4   -2    4    2    1.4700000000000000E-02    2.5573371702244220E-07
    4   -1    0    0    1.4700000000000000E-02    0.0000000000000000E+00
    4   -1    2   -2    1.4700000000000000E-02    0.0000000000000000E+00
    4   -1    2   -1    1.4700000000000000E-02    0.0000000000000000E+00
    4   -1    2    0    1.4700000000000000E-02    0.0000000000000000E+00
    4   -1    2    1    1.4700000000000000E-02    3.4365202924315542E-05
    4   -1    2    2    1.4700000000000000E-02    0.0000000000000000E+00
    4   -1    4   -2    1.4700000000000000E-02    0.0000000000000000E+00
    4   -1    4   -1    1.4700000000000000E-02    0.0000000000000000E+00
    4   -1    4    0    1.4700000000000000E-02    0.0000000000000000E+00
    4   -1    4    1    1.4700000000000000E-02    8.0203676187970243E-07
    4   -1    4    2    1.4700000000000000E-02    0.0000000000000000E+00
    4    0    0    0    1.4700000000000000E-02    2.4649013331603663E-04
    4    0    2   -2    1.4700000000000000E-02    0.0000000000000000E+00
    4    0    2   -1    1.4700000000000000E-02    0.0000000000000000E+00
    4    0    2    0    1.4700000000000000E-02    3.4253802379056542E-04
    4    0    2    1    1.4700000000000000E-02    0.0000000000000000E+00
    4    0    2    2    1.4700000000000000E-02    0.0000000000000000E+00
    4    0    4   -2    1.4700000000000000E-02    0.0000000000000000E+00
    4    0    4   -1    1.4700000000000000E-02    0.0000000000000000E+00
    4    0    4    0    1.4700000000000000E-02    5.7259901946617831E-07
    4    0    4    1    1.4700000000000000E-02    0.0000000000000000E+00
    4    0    4    2    1.4700000000000000E-02    0.0000000000000000E+00
    4    1    0    0    1.4700000000000000E-02    0.0000000000000000E+00
    4    1    2   -2    1.4700000000000000E-02    0.0000000000000000E+00
    4    1    2   -1    1.4700000000000000E-02    3.4365202924314586E-05
    4    1    2    0    1.4700000000000000E-02    0.0000000000000000E+00
    4    1    2    1    1.4700000000000000E-02    0.0000000000000000E+00
    4    1    2    2    1.4700000000000000E-02    0.0000000000000000E+00
    4    1    4   -2    1.4700000000000000E-02    0.0000000000000000E+00
    4    1    4   -1    1.4700000000000000E-02    8.0203676187969216E-07
    4    1    4    0    1.4700000000000000E-02    0.0000000000000000E+00
    4    1    4    1    1.4700000000000000E-02    0.0000000000000000E+00
    4    1    4    2    1.4700000000000000E-02    0.0000000000000000E+00
    4    2    0    0    1.4700000000000000E-02    0.0000000000000000E+00
    4    2    2   -2    1.4700000000000000E-02    2.7086750513883843E-06
    4    2    2   -1    1.4700000000000000E-02    0.0000000000000000E+00
    4    2    2    0    1.4700000000000000E-02    0.0000000000000000E+00
    4    2    2    1    1.4700000000000000E-02    0.0000000000000000E+00
    4    2    2    2    1.4700000000000000E-02    0.0000000000000000E+00
    4    2    4   -2    1.4700000000000000E-02    2.5573371702243881E-07
    4    2    4   -1    1.4700000000000000E-02    0.0000000000000000E+00
    4    2    4    0    1.4700000000000000E-02    0.0000000000000000E+00
    4    2    4    1    1.4700000000000000E-02    0.0000000000000000E+00
    4    2    4    2    1.4700000000000000E-02    0.0000000000000000E+00
    0    0    0    0    1.8374999999999999E-03    9.9620039866951415E-01
    0    0    2   -2    1.8374999999999999E-03    0.0000000000000000E+00
    0    0    2   -1    1.8374999999999999E-03    0.0000000000000000E+00
    0    0    2    0    1.8374999999999999E-03    1.8998006374616912E-03
    0    0    2    1    1.8374999999999999E-03    0.0000000000000000E+00
    0    0    2    2    1.8374999999999999E-03    0.0000000000000000E+00
    2   -2    0    0    1.8374999999999999E-03    0.0000000000000000E+00
    2   -1    0    0    1.8374999999999999E-03    0.0000000000000000E+00
    2    0    0    0    1.8374999999999999E-03    1.8998006374616797E-03
    2    1    0    0    1.8374999999999999E-03    0.0000000000000000E+00
    2    2    0    0    1.8374999999999999E-03    0.0000000000000000E+00
    0    0    0    0    1.6537500000000000E-02    7.4520685818345156E-01
    0    0    2   -2    1.6537500000000000E-02    0.0000000000000000E+00
    0    0    2   -1    1.6537500000000000E-02    0.0000000000000000E+00
    0    0    2    0    1.6537500000000000E-02    9.9905668519885998E-02
    0    0    2    1    1.6537500000000000E-02    0.0000000000000000E+00
    0    0    2    2    1.6537500000000000E-02    0.0000000000000000E+00
    0    0    4   -2    1.6537500000000000E-02    0.0000000000000000E+00
    0    0    4   -1    1.6537500000000000E-02    0.0000000000000000E+00
    0    0    4    0    1.6537500000000000E-02    2.7457976516783898E-04
    0    0    4    1    1.6537500000000000E-02    0.0000000000000000E+00
    0    0    4    2    1.6537500000000000E-02    0.0000000000000000E+00
    2   -2    0    0    1.6537500000000000E-02    0.0000000000000000E+00
    2   -2    2   -2    1.6537500000000000E-02    0.0000000000000000E+00
    2   -2    2   -1    1.6537500000000000E-02    0.0000000000000000E+00
    2   -2    2    0    1.6537500000000000E-02    0.0000000000000000E+00
    2   -2    2    1    1.6537500000000000E-02    0.0000000000000000E+00
    2   -2    2    2    1.6537500000000000E-02    3.1742581072669957E-03
    2   -2    4   -2    1.6537500000000000E-02    0.0000000000000000E+00
    2   -2    4   -1    1.6537500000000000E-02    0.0000000000000000E+00
    2   -2    4    0    1.6537500000000000E-02    0.0000000000000000E+00
    2   -2    4    1    1.6537500000000000E-02    0.0000000000000000E+00
    2   -2    4    2    1.6537500000000000E-02    6.9760462460202950E-06
    2   -1    0    0    1.6537500000000000E-02    0.0000000000000000E+00
    2   -1    2   -2    1.6537500000000000E-02    0.0000000000000000E+00
    2   -1    2   -1    1.6537500000000000E-02    0.0000000000000000E+00
    2   -1    2    0    1.6537500000000000E-02    0.0000000000000000E+00
    2   -1    2    1    1.6537500000000000E-02    4.8653502808859170E-03
    2   -1    2    2    1.6537500000000000E-02    0.0000000000000000E+00
    2   -1    4   -2    1.6537500000000000E-02    0.0000000000000000E+00
    2   -1    4   -1    1.6537500000000000E-02    0.0000000000000000E+00
    2   -1    4    0    1.6537500000000000E-02    0.0000000000000000E+00
    2   -1    4    1    1.6537500000000000E-02    1.1279496786234235E-04
    2   -1    4    2    1.6537500000000000E-02    0.0000000000000000E+00
    2    0    0    0    1.6537500000000000E-02    9.9905668519878948E-02
    2    0    2   -2    1.6537500000000000E-02    0.0000000000000000E+00
    2    0    2   -1    1.6537500000000000E-02    0.0000000000000000E+00
    2    0    2    0    1.6537500000000000E-02    3.6271743405144892E-02
    2    0    2    1    1.6537500000000000E-02    0.0000000000000000E+00
    2    0    2    2    1.6537500000000000E-02    0.0000000000000000E+00
    2    0    4   -2    1.6537500000000000E-02    0.0000000000000000E+00
    2    0    4   -1    1.6537500000000000E-02    0.0000000000000000E+00
    2    0    4    0    1.6537500000000000E-02    7.9887690319401774E-04
    2    0    4    1    1.6537500000000000E-02    0.0000000000000000E+00
    2    0    4    2    1.6537500000000000E-02    0.0000000000000000E+00
    2    1    0    0    1.6537500000000000E-02    0.0000000000000000E+00
    2    1    2   -2    1.6537500000000000E-02    0.0000000000000000E+00
    2    1    2   -1    1.6537500000000000E-02    4.8653502808862058E-03
    2    1    2    0    1.6537500000000000E-02    0.0000000000000000E+00
    2    1    2    1    1.6537500000000000E-02    0.0000000000000000E+00
    2    1    2    2    1.6537500000000000E-02    0.0000000000000000E+00
    2    1    4   -2    1.6537500000000000E-02    0.0000000000000000E+00
    2    1    4   -1    1.6537500000000000E-02    1.1279496786235171E-04
    2    1    4    0    1.6537500000000000E-02    0.0000000000000000E+00
    2    1    4    1    1.6537500000000000E-02    0.0000000000000000E+00
    2    1    4    2    1.6537500000000000E-02    0.0000000000000000E+00
    2    2    0    0    1.6537500000000000E-02    0.0000000000000000E+00
    2    2    2   -2    1.6537500000000000E-02    3.1742581072669411E-03
    2    2    2   -1    1.6537500000000000E-02    0.0000000000000000E+00
    2    2    2    0    1.6537500000000000E-02    0.0000000000000000E+00
    2    2    2    1    1.6537500000000000E-02    0.0000000000000000E+00
    2    2    2    2    1.6537500000000000E-02    0.0000000000000000E+00
    2    2    4   -2    1.6537500000000000E-02    6.9760462460201501E-06
    2    2    4   -1    1.6537500000000000E-02    0.0000000000000000E+00
    2    2    4    0    1.6537500000000000E-02    0.0000000000000000E+00
    2    2    4    1    1.6537500000000000E-02    0.0000000000000000E+00
    2    2    4    2    1.6537500000000000E-02    0.0000000000000000E+00
    4   -2    0    0    1.6537500000000000E-02    0.0000000000000000E+00
    4   -2    2   -2    1.6537500000000000E-02    0.0000000000000000E+00
    4   -2    2   -1    1.6537500000000000E-02    0.0000000000000000E+00
    4   -2    2    0    1.6537500000000000E-02    0.0000000000000000E+00
    4   -2    2    1    1.6537500000000000E-02    0.0000000000000000E+00
    4   -2    2    2    1.6537500000000000E-02    6.9760462460202670E-06
    4   -2    4   -2    1.6537500000000000E-02    0.0000000000000000E+00
    4   -2    4   -1    1.6537500000000000E-02    0.0000000000000000E+00
    4   -2    4    0    1.6537500000000000E-02    0.0000000000000000E+00
    4   -2    4    1    1.6537500000000000E-02    0.0000000000000000E+00
    4   -2    4    2    1.6537500000000000E-02    4.9986652020524325E-07
    4   -1    0    0    1.6537500000000000E-02    0.0000000000000000E+00
    4   -1    2   -2    1.6537500000000000E-02    0.0000000000000000E+00
    4   -1    2   -1    1.6537500000000000E-02    0.0000000000000000E+00
    4   -1    2    0    1.6537500000000000E-02    0.0000000000000000E+00
    4   -1    2    1    1.6537500000000000E-02    1.1279496786233904E-04
    4   -1    2    2    1.6537500000000000E-02    0.0000000000000000E+00
    4   -1    4   -2    1.6537500000000000E-02    0.0000000000000000E+00
    4   -1    4   -1    1.6537500000000000E-02    0.0000000000000000E+00
    4   -1    4    0    1.6537500000000000E-02    0.0000000000000000E+00
    4   -1    4    1    1.6537500000000000E-02    5.7939578387312078E-07
    4   -1    4    2    1.6537500000000000E-02    0.0000000000000000E+00
    4    0    0    0    1.6537500000000000E-02    2.7457976516784250E-04
    4    0    2   -2    1.6537500000000000E-02    0.0000000000000000E+00
    4    0    2   -1    1.6537500000000000E-02    0.0000000000000000E+00
    4    0    2    0    1.6537500000000000E-02    7.9887690319399465E-04
    4    0    2    1    1.6537500000000000E-02    0.0000000000000000E+00
    4    0    2    2    1.6537500000000000E-02    0.0000000000000000E+00
    4    0    4   -2    1.6537500000000000E-02    0.0000000000000000E+00
    4    0    4   -1    1.6537500000000000E-02    0.0000000000000000E+00
    4    0    4    0    1.6537500000000000E-02    2.6887616660633374E-06
    4    0    4    1    1.6537500000000000E-02    0.0000000000000000E+00
    4    0    4    2    1.6537500000000000E-02    0.0000000000000000E+00
    4    1    0    0    1.6537500000000000E-02    0.0000000000000000E+00
    4    1    2   -2    1.6537500000000000E-02    0.0000000000000000E+00
    4    1    2   -1    1.6537500000000000E-02    1.1279496786234522E-04
    4    1    2    0    1.6537500000000000E-02    0.0000000000000000E+00
    4    1    2    1    1.6537500000000000E-02    0.0000000000000000E+00
    4    1    2    2    1.6537500000000000E-02    0.0000000000000000E+00
    4    1    4   -2    1.6537500000000000E-02    0.0000000000000000E+00
    4    1    4   -1    1.6537500000000000E-02    5.7939578387317319E-07
    4    1    4    0    1.6537500000000000E-02    0.0000000000000000E+00
    4    1    4    1    1.6537500000000000E-02    0.0000000000000000E+00
    4    1    4    2    1.6537500000000000E-02    0.0000000000000000E+00
    4    2    0    0    1.6537500000000000E-02    0.0000000000000000E+00
    4    2    2   -2    1.6537500000000000E-02    6.9760462460200129E-06
    4    2    2   -1    1.6537500000000000E-02    0.0000000000000000E+00
    4    2    2    0    1.6537500000000000E-02    0.0000000000000000E+00
    4    2    2    1    1.6537500000000000E-02    0.0000000000000000E+00
    4    2    2    2    1.6537500000000000E-02    0.0000000000000000E+00
    4    2    4   -2    1.6537500000000000E-02    4.9986652020528338E-07
    4    2    4   -1    1.6537500000000000E-02    0.0000000000000000E+00
    4    2    4    0    1.6537500000000000E-02    0.0000000000000000E+00
    4    2    4    1    1.6537500000000000E-02    0.0000000000000000E+00
    4    2    4    2    1.6537500000000000E-02    0.0000000000000000E+00
    0    0    0    0    3.6749999999999999E-03    9.7915157513100903E-01
    0    0    2   -2    3.6749999999999999E-03    0.0000000000000000E+00
    0    0    2   -1    3.6749999999999999E-03    0.0000000000000000E+00
    0    0    2    0    3.6749999999999999E-03    1.0027898128688538E-02
    0    0    2    1    3.6749999999999999E-03    0.0000000000000000E+00
    0    0    2    2    3.6749999999999999E-03    0.0000000000000000E+00
    2   -2    0    0    3.6749999999999999E-03    0.0000000000000000E+00
    2   -2    2   -2    3.6749999999999999E-03    0.0000000000000000E+00
    2   -2    2   -1    3.6749999999999999E-03    0.0000000000000000E+00
    2   -2    2    0    3.6749999999999999E-03    0.0000000000000000E+00
    2   -2    2    1    3.6749999999999999E-03    0.0000000000000000E+00
    2   -2    2    2    3.6749999999999999E-03    2.0350041777888640E-05
    2   -1    0    0    3.6749999999999999E-03    0.0000000000000000E+00
    2   -1    2   -2    3.6749999999999999E-03    0.0000000000000000E+00
    2   -1    2   -1    3.6749999999999999E-03    0.0000000000000000E+00
    2   -1    2    0    3.6749999999999999E-03    0.0000000000000000E+00
    2   -1    2    1    3.6749999999999999E-03    2.3052228710520884E-04
    2   -1    2    2    3.6749999999999999E-03    0.0000000000000000E+00
    2    0    0    0    3.6749999999999999E-03    1.0027898128688381E-02
    2    0    2   -2    3.6749999999999999E-03    0.0000000000000000E+00
    2    0    2   -1    3.6749999999999999E-03    0.0000000000000000E+00
    2    0    2    0    3.6749999999999999E-03    2.9088389828483825E-04
    2    0    2    1    3.6749999999999999E-03    0.0000000000000000E+00
    2    0    2    2    3.6749999999999999E-03    0.0000000000000000E+00
    2    1    0    0    3.6749999999999999E-03    0.0000000000000000E+00
    2    1    2   -2    3.6749999999999999E-03    0.0000000000000000E+00
    2    1    2   -1    3.6749999999999999E-03    2.3052228710520499E-04
    2    1    2    0    3.6749999999999999E-03    0.0000000000000000E+00
    2    1    2    1    3.6749999999999999E-03    0.0000000000000000E+00
    2    1    2    2    3.6749999999999999E-03    0.0000000000000000E+00
    2    2    0    0    3.6749999999999999E-03    0.0000000000000000E+00
    2    2    2   -2    3.6749999999999999E-03    2.0350041777888413E-05
    2    2    2   -1    3.6749999999999999E-03    0.0000000000000000E+00
    2    2    2    0    3.6749999999999999E-03    0.0000000000000000E+00
    2    2    2    1    3.6749999999999999E-03    0.0000000000000000E+00
    2    2    2    2    3.6749999999999999E-03    0.0000000000000000E+00
    0    0    0    0    1.8374999999999999E-02    6.6936042330121837E-01
    0    0    2   -2    1.8374999999999999E-02    0.0000000000000000E+00
    0    0    2   -1    1.8374999999999999E-02    0.0000000000000000E+00
    0    0    2    0    1.8374999999999999E-02    1.5940228500999237E-01
    0    0    2    1    1.8374999999999999E-02    0.0000000000000000E+00
    0    0    2    2    1.8374999999999999E-02    0.0000000000000000E+00
    0    0    4   -2    1.8374999999999999E-02    0.0000000000000000E+00
    0    0    4   -1    1.8374999999999999E-02    0.0000000000000000E+00
    0    0    4    0    1.8374999999999999E-02    1.8871056360860417E-03
    0    0    4    1    1.8374999999999999E-02    0.0000000000000000E+00
    0    0    4    2    1.8374999999999999E-02    0.0000000000000000E+00
    2   -2    0    0    1.8374999999999999E-02    0.0000000000000000E+00
    2   -2    2   -2    1.8374999999999999E-02    0.0000000000000000E+00
    2   -2    2   -1    1.8374999999999999E-02    0.0000000000000000E+00
    2   -2    2    0    1.8374999999999999E-02    0.0000000000000000E+00
    2   -2    2    1    1.8374999999999999E-02    0.0000000000000000E+00
    2   -2    2    2    1.8374999999999999E-02    1.2997915333780167E-03
    2   -2    4   -2    1.8374999999999999E-02    0.0000000000000000E+00
    2   -2    4   -1    1.8374999999999999E-02    0.0000000000000000E+00
    2   -2    4    0    1.8374999999999999E-02    0.0000000000000000E+00
    2   -2    4    1    1.8374999999999999E-02    0.0000000000000000E+00
    2   -2    4    2    1.8374999999999999E-02    1.4426272069661998E-05
    2   -1    0    0    1.8374999999999999E-02    0.0000000000000000E+00
    2   -1    2   -2    1.8374999999999999E-02    0.0000000000000000E+00
    2   -1    2   -1    1.8374999999999999E-02    0.0000000000000000E+00
    2   -1    2    0    1.8374999999999999E-02    0.0000000000000000E+00
    2   -1    2    1    1.8374999999999999E-02    1.1455088575994265E-03
    2   -1    2    2    1.8374999999999999E-02    0.0000000000000000E+00
    2   -1    4   -2    1.8374999999999999E-02    0.0000000000000000E+00
    2   -1    4   -1    1.8374999999999999E-02    0.0000000000000000E+00
    2   -1    4    0    1.8374999999999999E-02    0.0000000000000000E+00
    2   -1    4    1    1.8374999999999999E-02    1.6404718912477081E-04
    2   -1    4    2    1.8374999999999999E-02    0.0000000000000000E+00
    2    0    0    0    1.8374999999999999E-02    1.5940228500999723E-01
    2    0    2   -2    1.8374999999999999E-02    0.0000000000000000E+00
    2    0    2   -1    1.8374999999999999E-02    0.0000000000000000E+00
    2    0    2    0    1.8374999999999999E-02    1.6366071999831266E-03
    2    0    2    1    1.8374999999999999E-02    0.0000000000000000E+00
    2    0    2    2    1.8374999999999999E-02    0.0000000000000000E+00
    2    0    4   -2    1.8374999999999999E-02    0.0000000000000000E+00
    2    0    4   -1    1.8374999999999999E-02    0.0000000000000000E+00
    2    0    4    0    1.8374999999999999E-02    4.0285427867559764E-04
    2    0    4    1    1.8374999999999999E-02    0.0000000000000000E+00
    2    0    4    2    1.8374999999999999E-02    0.0000000000000000E+00
    2    1    0    0    1.8374999999999999E-02    0.0000000000000000E+00
    2    1    2   -2    1.8374999999999999E-02    0.0000000000000000E+00
    2    1    2   -1    1.8374999999999999E-02    1.1455088575994246E-03
    2    1    2    0    1.8374999999999999E-02    0.0000000000000000E+00
    2    1    2    1    1.8374999999999999E-02    0.0000000000000000E+00
    2    1    2    2    1.8374999999999999E-02    0.0000000000000000E+00
    2    1    4   -2    1.8374999999999999E-02    0.0000000000000000E+00
    2    1    4   -1    1.8374999999999999E-02    1.6404718912476404E-04
    2    1    4    0    1.8374999999999999E-02    0.0000000000000000E+00
    2    1    4    1    1.8374999999999999E-02    0.0000000000000000E+00
    2    1    4    2    1.8374999999999999E-02    0.0000000000000000E+00
    2    2    0    0    1.8374999999999999E-02    0.0000000000000000E+00
    2    2    2   -2    1.8374999999999999E-02    1.2997915333780616E-03
    2    2    2   -1    1.8374999999999999E-02    0.0000000000000000E+00
    2    2    2    0    1.8374999999999999E-02    0.0000000000000000E+00
    2    2    2    1    1.8374999999999999E-02    0.0000000000000000E+00
    2    2    2    2    1.8374999999999999E-02    0.0000000000000000E+00
    2    2    4   -2    1.8374999999999999E-02    1.4426272069662340E-05
    2    2    4   -1    1.8374999999999999E-02    0.0000000000000000E+00
    2    2    4    0    1.8374999999999999E-02    0.0000000000000000E+00
    2    2    4    1    1.8374999999999999E-02    0.0000000000000000E+00
    2    2    4    2    1.8374999999999999E-02    0.0000000000000000E+00
    4   -2    0    0    1.8374999999999999E-02    0.0000000000000000E+00
    4   -2    2   -2    1.8374999999999999E-02    0.0000000000000000E+00
    4   -2    2   -1    1.8374999999999999E-02    0.0000000000000000E+00
    4   -2    2    0    1.8374999999999999E-02    0.0000000000000000E+00
    4   -2    2    1    1.8374999999999999E-02    0.0000000000000000E+00
    4   -2    2    2    1.8374999999999999E-02    1.4426272069662124E-05
    4   -2    4   -2    1.8374999999999999E-02    0.0000000000000000E+00
    4   -2    4   -1    1.8374999999999999E-02    0.0000000000000000E+00
    4   -2    4    0    1.8374999999999999E-02    0.0000000000000000E+00
    4   -2    4    1    1.8374999999999999E-02    0.0000000000000000E+00
    4   -2    4    2    1.8374999999999999E-02    1.0934674006742398E-07
    4   -1    0    0    1.8374999999999999E-02    0.0000000000000000E+00
    4   -1    2   -2    1.8374999999999999E-02    0.0000000000000000E+00
    4   -1    2   -1    1.8374999999999999E-02    0.0000000000000000E+00
    4   -1    2    0    1.8374999999999999E-02    0.0000000000000000E+00
    4   -1    2    1    1.8374999999999999E-02    1.6404718912477745E-04
    4   -1    2    2    1.8374999999999999E-02    0.0000000000000000E+00
    4   -1    4   -2    1.8374999999999999E-02    0.0000000000000000E+00
    4   -1    4   -1    1.8374999999999999E-02    0.0000000000000000E+00
    4   -1    4    0    1.8374999999999999E-02    0.0000000000000000E+00
    4   -1    4    1    1.8374999999999999E-02    2.3201928297093070E-06
    4   -1    4    2    1.8374999999999999E-02    0.0000000000000000E+00
    4    0    0    0    1.8374999999999999E-02    1.8871056360860313E-03
    4    0    2   -2    1.8374999999999999E-02    0.0000000000000000E+00
    4    0    2   -1    1.8374999999999999E-02    0.0000000000000000E+00
    4    0    2    0    1.8374999999999999E-02    4.0285427867560670E-04
    4    0    2    1    1.8374999999999999E-02    0.0000000000000000E+00
    4    0    2    2    1.8374999999999999E-02    0.0000000000000000E+00
    4    0    4   -2    1.8374999999999999E-02    0.0000000000000000E+00
    4    0    4   -1    1.8374999999999999E-02    0.0000000000000000E+00
    4    0    4    0    1.8374999999999999E-02    9.1271654650896339E-06
    4    0    4    1    1.8374999999999999E-02    0.0000000000000000E+00
    4    0    4    2    1.8374999999999999E-02    0.0000000000000000E+00
    4    1    0    0    1.8374999999999999E-02    0.0000000000000000E+00
    4    1    2   -2    1.8374999999999999E-02    0.0000000000000000E+00
    4    1    2   -1    1.8374999999999999E-02    1.6404718912477469E-04
    4    1    2    0    1.8374999999999999E-02    0.0000000000000000E+00
    4    1    2    1    1.8374999999999999E-02    0.0000000000000000E+00
    4    1    2    2    1.8374999999999999E-02    0.0000000000000000E+00
    4    1    4   -2    1.8374999999999999E-02    0.0000000000000000E+00
    4    1    4   -1    1.8374999999999999E-02    2.3201928297091597E-06
    4    1    4    0    1.8374999999999999E-02    0.0000000000000000E+00
    4    1    4    1    1.8374999999999999E-02    0.0000000000000000E+00
    4    1    4    2    1.8374999999999999E-02    0.0000000000000000E+00
    4    2    0    0    1.8374999999999999E-02    0.0000000000000000E+00
    4    2    2   -2    1.8374999999999999E-02    1.4426272069662163E-05
    4    2    2   -1    1.8374999999999999E-02    0.0000000000000000E+00
    4    2    2    0    1.8374999999999999E-02    0.0000000000000000E+00
    4    2    2    1    1.8374999999999999E-02    0.0000000000000000E+00
    4    2    2    2    1.8374999999999999E-02    0.0000000000000000E+00
    4    2    4   -2    1.8374999999999999E-02    1.0934674006742990E-07
    4    2    4   -1    1.8374999999999999E-02    0.0000000000000000E+00
    4    2    4    0    1.8374999999999999E-02    0.0000000000000000E+00
    4    2    4    1    1.8374999999999999E-02    0.0000000000000000E+00
    4    2    4    2    1.8374999999999999E-02    0.0000000000000000E+00
