
  0.2498006E+00  0.9062035E+00  0.0000000E+00  0.0000000E+00  0.4071955E-01  0.0000000E+00  0.0000000E+00  0.0000000E+00  0.0000000E+00  0.1177016E-03  0.0000000E+00  0.0000000E+00  0.0000000E+00  0.0000000E+00  0.0000000E+00  0.0000000E+00
  0.0000000E+00  0.2769642E-03  0.0000000E+00  0.0000000E+00  0.0000000E+00  0.0000000E+00  0.1134835E-05  0.0000000E+00  0.0000000E+00  0.0000000E+00  0.0000000E+00  0.2957010E-02  0.0000000E+00  0.0000000E+00  0.0000000E+00  0.0000000E+00
  0.9445159E-05  0.0000000E+00  0.4071955E-01  0.0000000E+00  0.0000000E+00  0.5594297E-02  0.0000000E+00  0.0000000E+00  0.0000000E+00  0.0000000E+00  0.1248886E-04  0.0000000E+00  0.0000000E+00  0.0000000E+00  0.0000000E+00  0.2957010E-02
  0.0000000E+00  0.0000000E+00  0.0000000E+00  0.0000000E+00  0.9445159E-05  0.0000000E+00  0.0000000E+00  0.0000000E+00  0.0000000E+00  0.2769642E-03  0.0000000E+00  0.0000000E+00  0.0000000E+00  0.0000000E+00  0.1134835E-05  0.0000000E+00
  0.0000000E+00  0.0000000E+00  0.0000000E+00  0.0000000E+00  0.0000000E+00  0.0000000E+00  0.0000000E+00  0.0000000E+00  0.1134835E-05  0.0000000E+00  0.0000000E+00  0.0000000E+00  0.0000000E+00  0.9445159E-05  0.0000000E+00  0.1177016E-03
  0.0000000E+00  0.0000000E+00  0.1248886E-04  0.0000000E+00  0.0000000E+00  0.0000000E+00  0.0000000E+00  0.9445159E-05  0.0000000E+00  0.0000000E+00  0.0000000E+00  0.0000000E+00  0.1134835E-05  0.0000000E+00  0.0000000E+00  0.0000000E+00
  0.0000000E+00
  
  0.4000076E+00  0.9354846E+00  0.0000000E+00  0.0000000E+00  0.1166832E-01  0.0000000E+00  0.0000000E+00  0.0000000E+00  0.0000000E+00  0.2464901E-03  0.0000000E+00  0.0000000E+00  0.0000000E+00  0.0000000E+00  0.0000000E+00  0.0000000E+00
  0.0000000E+00  0.2864052E-03  0.0000000E+00  0.0000000E+00  0.0000000E+00  0.0000000E+00  0.2708675E-05  0.0000000E+00  0.0000000E+00  0.0000000E+00  0.0000000E+00  0.2902178E-02  0.0000000E+00  0.0000000E+00  0.0000000E+00  0.0000000E+00
  0.3436520E-04  0.0000000E+00  0.1166832E-01  0.0000000E+00  0.0000000E+00  0.3347252E-01  0.0000000E+00  0.0000000E+00  0.0000000E+00  0.0000000E+00  0.3425380E-03  0.0000000E+00  0.0000000E+00  0.0000000E+00  0.0000000E+00  0.2902178E-02
  0.0000000E+00  0.0000000E+00  0.0000000E+00  0.0000000E+00  0.3436520E-04  0.0000000E+00  0.0000000E+00  0.0000000E+00  0.0000000E+00  0.2864052E-03  0.0000000E+00  0.0000000E+00  0.0000000E+00  0.0000000E+00  0.2708675E-05  0.0000000E+00
  0.0000000E+00  0.0000000E+00  0.0000000E+00  0.0000000E+00  0.0000000E+00  0.0000000E+00  0.0000000E+00  0.0000000E+00  0.2708675E-05  0.0000000E+00  0.0000000E+00  0.0000000E+00  0.0000000E+00  0.2557337E-06  0.0000000E+00  0.0000000E+00
  0.0000000E+00  0.0000000E+00  0.3436520E-04  0.0000000E+00  0.0000000E+00  0.0000000E+00  0.0000000E+00  0.8020368E-06  0.0000000E+00  0.2464901E-03  0.0000000E+00  0.0000000E+00  0.3425380E-03  0.0000000E+00  0.0000000E+00  0.0000000E+00
  0.0000000E+00  0.5725990E-06  0.0000000E+00  0.0000000E+00  0.0000000E+00  0.0000000E+00  0.3436520E-04  0.0000000E+00  0.0000000E+00  0.0000000E+00  0.0000000E+00  0.8020368E-06  0.0000000E+00  0.0000000E+00  0.0000000E+00  0.0000000E+00
  0.2708675E-05  0.0000000E+00  0.0000000E+00  0.0000000E+00  0.0000000E+00  0.2557337E-06  0.0000000E+00  0.0000000E+00  0.0000000E+00  0.0000000E+00

  0.4500085E+00  0.7452069E+00  0.0000000E+00  0.0000000E+00  0.9990567E-01  0.0000000E+00  0.0000000E+00  0.0000000E+00  0.0000000E+00  0.2745798E-03  0.0000000E+00  0.0000000E+00  0.0000000E+00  0.0000000E+00  0.0000000E+00  0.0000000E+00
  0.0000000E+00  0.3174258E-02  0.0000000E+00  0.0000000E+00  0.0000000E+00  0.0000000E+00  0.6976046E-05  0.0000000E+00  0.0000000E+00  0.0000000E+00  0.0000000E+00  0.4865350E-02  0.0000000E+00  0.0000000E+00  0.0000000E+00  0.0000000E+00
  0.1127950E-03  0.0000000E+00  0.9990567E-01  0.0000000E+00  0.0000000E+00  0.3627174E-01  0.0000000E+00  0.0000000E+00  0.0000000E+00  0.0000000E+00  0.7988769E-03  0.0000000E+00  0.0000000E+00  0.0000000E+00  0.0000000E+00  0.4865350E-02
  0.0000000E+00  0.0000000E+00  0.0000000E+00  0.0000000E+00  0.1127950E-03  0.0000000E+00  0.0000000E+00  0.0000000E+00  0.0000000E+00  0.3174258E-02  0.0000000E+00  0.0000000E+00  0.0000000E+00  0.0000000E+00  0.6976046E-05  0.0000000E+00
  0.0000000E+00  0.0000000E+00  0.0000000E+00  0.0000000E+00  0.0000000E+00  0.0000000E+00  0.0000000E+00  0.0000000E+00  0.6976046E-05  0.0000000E+00  0.0000000E+00  0.0000000E+00  0.0000000E+00  0.4998665E-06  0.0000000E+00  0.0000000E+00
  0.0000000E+00  0.0000000E+00  0.1127950E-03  0.0000000E+00  0.0000000E+00  0.0000000E+00  0.0000000E+00  0.5793958E-06  0.0000000E+00  0.2745798E-03  0.0000000E+00  0.0000000E+00  0.7988769E-03  0.0000000E+00  0.0000000E+00  0.0000000E+00
  0.0000000E+00  0.2688762E-05  0.0000000E+00  0.0000000E+00  0.0000000E+00  0.0000000E+00  0.1127950E-03  0.0000000E+00  0.0000000E+00  0.0000000E+00  0.0000000E+00  0.5793958E-06  0.0000000E+00  0.0000000E+00  0.0000000E+00  0.0000000E+00
  0.6976046E-05  0.0000000E+00  0.0000000E+00  0.0000000E+00  0.0000000E+00  0.4998665E-06  0.0000000E+00  0.0000000E+00  0.0000000E+00  0.0000000E+00

  0.5000095E+00  0.6693604E+00  0.0000000E+00  0.0000000E+00  0.1594023E+00  0.0000000E+00  0.0000000E+00  0.0000000E+00  0.0000000E+00  0.1887106E-02  0.0000000E+00  0.0000000E+00  0.0000000E+00  0.0000000E+00  0.0000000E+00  0.0000000E+00
  0.0000000E+00  0.1299792E-02  0.0000000E+00  0.0000000E+00  0.0000000E+00  0.0000000E+00  0.1442627E-04  0.0000000E+00  0.0000000E+00  0.0000000E+00  0.0000000E+00  0.1145509E-02  0.0000000E+00  0.0000000E+00  0.0000000E+00  0.0000000E+00
  0.1640472E-03  0.0000000E+00  0.1594023E+00  0.0000000E+00  0.0000000E+00  0.1636607E-02  0.0000000E+00  0.0000000E+00  0.0000000E+00  0.0000000E+00  0.4028543E-03  0.0000000E+00  0.0000000E+00  0.0000000E+00  0.0000000E+00  0.1145509E-02
  0.0000000E+00  0.0000000E+00  0.0000000E+00  0.0000000E+00  0.1640472E-03  0.0000000E+00  0.0000000E+00  0.0000000E+00  0.0000000E+00  0.1299792E-02  0.0000000E+00  0.0000000E+00  0.0000000E+00  0.0000000E+00  0.1442627E-04  0.0000000E+00
  0.0000000E+00  0.0000000E+00  0.0000000E+00  0.0000000E+00  0.0000000E+00  0.0000000E+00  0.0000000E+00  0.0000000E+00  0.1442627E-04  0.0000000E+00  0.0000000E+00  0.0000000E+00  0.0000000E+00  0.1093467E-06  0.0000000E+00  0.0000000E+00
  0.0000000E+00  0.0000000E+00  0.1640472E-03  0.0000000E+00  0.0000000E+00  0.0000000E+00  0.0000000E+00  0.2320193E-05  0.0000000E+00  0.1887106E-02  0.0000000E+00  0.0000000E+00  0.4028543E-03  0.0000000E+00  0.0000000E+00  0.0000000E+00
  0.0000000E+00  0.9127165E-05  0.0000000E+00  0.0000000E+00  0.0000000E+00  0.0000000E+00  0.1640472E-03  0.0000000E+00  0.0000000E+00  0.0000000E+00  0.0000000E+00  0.2320193E-05  0.0000000E+00  0.0000000E+00  0.0000000E+00  0.0000000E+00
  0.1442627E-04  0.0000000E+00  0.0000000E+00  0.0000000E+00  0.0000000E+00  0.1093467E-06  0.0000000E+00  0.0000000E+00  0.0000000E+00  0.0000000E+00
